--------------------------------------------------
--------------------------------------------------
Found infile: ../data/exampledata.dat
Fitted parameters and uncertainties
      4.95       0.17 
   0.00115   4.85e-05 
--------------------------------------------------
S-Matrix

   1.1e+03    1.4e+03   1.65e+03   2.11e+03   2.17e+03    2.3e+03   2.16e+03   2.47e+03   2.08e+03 
   1.4e+03      2e+03   2.46e+03   3.24e+03   3.45e+03   3.74e+03   3.53e+03   4.08e+03   3.44e+03 
  1.65e+03   2.46e+03    3.1e+03   4.12e+03   4.43e+03   4.85e+03   4.58e+03   5.32e+03   4.49e+03 
  2.11e+03   3.24e+03   4.12e+03   5.51e+03   5.96e+03   6.55e+03    6.2e+03    7.2e+03   6.09e+03 
  2.17e+03   3.45e+03   4.43e+03   5.96e+03    6.5e+03   7.17e+03   6.79e+03    7.9e+03   6.69e+03 
   2.3e+03   3.74e+03   4.85e+03   6.55e+03   7.17e+03   7.93e+03   7.52e+03   8.76e+03   7.42e+03 
  2.16e+03   3.53e+03   4.58e+03    6.2e+03   6.79e+03   7.52e+03   7.13e+03   8.31e+03   7.04e+03 
  2.47e+03   4.08e+03   5.32e+03    7.2e+03    7.9e+03   8.76e+03   8.31e+03   9.69e+03   8.21e+03 
  2.08e+03   3.44e+03   4.49e+03   6.09e+03   6.69e+03   7.42e+03   7.04e+03   8.21e+03   6.96e+03 
--------------------------------------------------
Covariance matrix

   0.00115   0.000178 
  0.000178   4.85e-05 
--------------------------------------------------
The activity of ThX alias 224Ra is: t_(1/2) = 3.66(4) d 
The fitted half life is: t_(1/2) = 4.08(0) d
